0.30 0.30 0.30 0.00 2.0
0.24 0.00 0.05 -1.57 2.0 
0.24 0.00 0.00 -1.57 2.0  		Pos 1 
0.24 0.00 0.00 -1.57 0.0  
0.30 -.30 0.30 0.00 0.0
0.00 -.24 0.00 -1.57 0.0
0.00 -.24 -.10 -1.57 0.0
0.00 -.24 -.10 -1.57 2.0
0.00 -.24 0.00 -1.57 2.0
0.30 -.30 0.30 0.00 0.0
0.24 0.04 -.03 -1.57 2.0
0.24 0.04 -.05 -1.57 2.0
0.24 0.04 -.05 -1.57 0.0
0.24 0.04 -.03 -1.57 0.0
0.30 0.30 0.30 0.00 0.0
-.03 0.24 -.05 -1.57 0.0
-.03 0.24 -.10 -1.57 0.0
-.03 0.24 -.10 -1.57 2.0
-.03 0.24 -.05 -1.57 2.0
0.30 0.30 0.30 0.00 0.0
0.24 -.04 -.03 -1.57 2.0
0.24 -.04 -.05 -1.57 2.0
0.24 -.04 -.05 -1.57 0.0
0.24 -.04 -.03 -1.57 0.0
0.30 0.30 0.30 0.00 0.0
0.03 0.24 -.05 -1.57 0.0
0.03 0.24 -.10 -1.57 0.0
0.03 0.24 -.10 -1.57 2.0
0.03 0.24 -.05 -1.57 2.0
0.30 0.30 0.30 0.00 0.0
0.30 -.30 0.30 0.00 2.0
0.00 -.24 -.05 -1.57 2.0
0.00 -.24 -.10 -1.57 2.0
0.00 -.24 -.10 -1.57 0.0
0.00 -.24 -.05 -1.57 0.0
0.30 -.30 0.30 0.00 0.0
0.30 0.30 0.30 0.00 0.0
0.00 0.24 -.03 -1.57 0.0
0.00 0.24 -.05 -1.57 0.0
0.00 0.24 -.05 -1.57 2.0
0.00 0.24 -.03 -1.57 2.0
0.30 0.30 0.30 0.00 0.0
0.30 0.30 0.30 0.00 0.0  kleiner tower gesetzt
0.24 -.08 -.05 -1.57 2.0
0.24 -.08 -.10 -1.57 2.0
0.24 -.08 -.10 -1.57 0.0
0.24 -.08 -.05 -1.57 0.0
0.30 -.30 0.30 0.00 0.0
-.06 -.24 -.05 -1.57 0.0
-.06 -.24 -.10 -1.57 0.0
-.06 -.24 -.10 -1.57 2.0
-.06 -.24 -.05 -1.57 2.0
0.30 -.30 0.30 0.00 0.0
0.24 0.00 -.05 -1.57 2.0
0.24 0.00 -.10 -1.57 2.0
0.24 0.00 -.10 -1.57 0.0
0.24 0.00 -.05 -1.57 0.0
0.30 -.30 0.30 0.00 0.0
0.00 -.24 -.05 -1.57 0.0
0.00 -.24 -.10 -1.57 0.0
0.00 -.24 -.10 -1.57 2.0
0.00 -.24 -.05 -1.57 2.0
0.30 -.30 0.30 0.00 0.0
0.24 0.08 -.05 -1.57 2.0
0.24 0.08 -.10 -1.57 2.0
0.24 0.08 -.10 -1.57 0.0
0.24 0.08 -.05 -1.57 0.0
0.30 -.30 0.30 0.00 0.0
0.06 -.24 -.05 -1.57 0.0
0.06 -.24 -.10 -1.57 0.0
0.06 -.24 -.10 -1.57 2.0
0.06 -.24 -.05 -1.57 2.0
0.30 -.30 0.30 0.00 0.0
0.30 0.30 0.30 0.00 2.0  untere reihe gesetzt
0.00 0.24 -.03 -1.57 2.0
0.00 0.24 -.05 -1.57 2.0
0.00 0.24 -.05 -1.57 0.0
0.00 0.24 -.03 -1.57 0.0
0.30 0.30 0.30 0.00 0.0
0.24 0.00 -.05 -1.57 0.0
0.24 0.00 -.10 -1.57 0.0
0.24 0.00 -.10 -1.57 2.0
0.24 0.00 -.05 -1.57 2.0
0.30 0.30 0.30 0.00 2.0  rot mitte abgesetzt
0.03 0.24 -.05 -1.57 2.0
0.03 0.24 -.10 -1.57 2.0
0.03 0.24 -.10 -1.57 0.0
0.03 0.24 -.05 -1.57 0.0
0.30 0.30 0.30 0.00 0.0
0.30 -.30 0.30 0.00 0.0
-.03 -.24 -.03 -1.57 0.0
-.03 -.24 -.05 -1.57 0.0
-.03 -.24 -.05 -1.57 2.0
-.03 -.24 -.03 -1.57 2.0
0.30 -.30 0.30 0.00 2.0
0.30 0.30 0.30 0.00 2.0
-.03 0.24 -.05 -1.57 2.0
-.03 0.24 -.10 -1.57 2.0
-.03 0.24 -.10 -1.57 0.0
-.03 0.24 -.05 -1.57 0.0
0.30 0.30 0.30 0.00 0.0
0.30 -.30 0.30 0.00 0.0
0.03 -.24 -.03 -1.57 0.0
0.03 -.24 -.05 -1.57 0.0
0.03 -.24 -.05 -1.57 2.0
0.03 -.24 -.03 -1.57 2.0
0.30 -.30 0.30 0.00 2.0
0.24 0.00 -.05 -1.57 2.0
0.24 0.00 -.10 -1.57 2.0
0.24 0.00 -.10 -1.57 0.0
0.24 0.00 -.05 -1.57 0.0
0.30 -.30 0.30 0.00 0.0
0.00 -.24 0.10 -1.57 0.0
0.00 -.24 0.10 -1.57 0.0
0.00 -.24 0.10 -1.57 2.0
0.00 -.24 0.10 -1.57 2.0
0.30 -.30 0.30 0.00 2.0
0.30 -.30 0.30 0.00 2.0
